https://t.me/AINewsUpdates